   nz    Pob   Ralta  Rmedia   Rbaja PirPob25 PirPob65 PirPobJ SupTOT   supSR    supC    supI      A       G  
    1  12356  0.3540  0.1103  0.5357  0.2135  0.6154  0.1711    8.170  0.9161  0.0696  0.0144   119310  121922 
    2  13198  0.4309  0.2903  0.2788  0.2655  0.5852  0.1492    7.861  0.8559  0.0864  0.0577   150816  148812 
    3  11983  0.5710  0.3933  0.0357  0.2695  0.5752  0.1553    7.956  0.8547  0.0797  0.0656   125061  120782 
    4   9748  0.3679  0.3796  0.2525  0.2336  0.6340  0.1324    7.783  0.9064  0.0767  0.0169   130876  132352 
    5   7803  0.0695  0.6726  0.2578  0.2522  0.5970  0.1507    6.825  0.8972  0.0599  0.0429    68918   69780 
    6   6763  0.3628  0.3068  0.3305  0.2132  0.6338  0.1530    8.161  0.8411  0.0802  0.0787   113002  115793 
    7   6465  0.3017  0.1364  0.5619  0.2585  0.5993  0.1422    6.211  0.8902  0.0856  0.0241    80852   82921 
    8   6534  0.3937  0.3248  0.2815  0.2556  0.5856  0.1588    9.122  0.9299  0.0475  0.0225    87535   86385 
    9   6890  0.5526  0.2038  0.2436  0.2473  0.6142  0.1385    8.003  0.9189  0.0634  0.0178    81588   83522 
   10   7705  0.3671  0.5870  0.0459  0.2777  0.5616  0.1608    6.998  0.8876  0.0746  0.0378    78801   77183 
   11   8802  0.1793  0.3002  0.5205  0.2680  0.5794  0.1566    9.013  0.9307  0.0583  0.0110    98607   98572 
   12   9251  0.2763  0.3616  0.3621  0.2500  0.6144  0.1355    8.567  0.8485  0.0738  0.0777    82620   83288 
   13   8119  0.2396  0.3113  0.4491  0.2232  0.6279  0.1489    7.743  0.8910  0.0658  0.0431    80039   84583 
   14   5652  0.4713  0.1708  0.3579  0.2753  0.5761  0.1486    7.458  0.9016  0.0369  0.0614    49790   47898 
   15   3088  0.5921  0.3625  0.0455  0.2695  0.5906  0.1399    7.591  0.9179  0.0705  0.0116    44185   43892 
   16   1358  0.5753  0.2172  0.2074  0.2658  0.5929  0.1413    8.777  0.8880  0.0703  0.0417    25544   25063 
   17  19036  0.2458  0.2864  0.4678  0.2433  0.5915  0.1652    8.301  0.8478  0.1098  0.0424   205064  201866 
   18  21712  0.2090  0.2266  0.5644  0.2436  0.0951  0.6613    9.869  0.8520  0.1412  0.0068   138699  141459 
   19  20877  0.1991  0.0755  0.7254  0.2365  0.6044  0.1591    6.298  0.8379  0.1369  0.0252   129728  130465 
   20  17625  0.2993  0.3957  0.3051  0.2282  0.6060  0.1658    7.279  0.8186  0.1390  0.0424   112331  110928 
   21  14129  0.5773  0.1486  0.2742  0.2358  0.6064  0.1578    6.084  0.7323  0.1921  0.0756   111085  113049 
   22  11850  0.3234  0.2311  0.4455  0.2815  0.5749  0.1436    9.720  0.8701  0.1148  0.0151    90329   90253 
   23  10893  0.2073  0.6135  0.1792  0.2655  0.5679  0.1667    8.409  0.7914  0.1489  0.0597    73335   76158 
   24  10726  0.3786  0.3845  0.2369  0.2453  0.6008  0.1539    8.871  0.9027  0.0765  0.0209    91115   97150 
   25  11140  0.1293  0.1090  0.7617  0.2668  0.5966  0.1366    9.445  0.8482  0.0955  0.0562    71318   69570 
   26  12397  0.3731  0.5147  0.1122  0.2644  0.5673  0.1683    8.214  0.8685  0.1287  0.0027    96256   95127 
   27  14310  0.0371  0.7241  0.2389  0.2795  0.5797  0.1408    9.791  0.8399  0.1182  0.0419   100583   98994 
   28  15393  0.1329  0.4251  0.4420  0.2563  0.6116  0.1321    8.582  0.8209  0.1307  0.0484   111461  107592 
   29  13905  0.6760  0.1269  ******  0.2590  0.6004  0.1406    9.202  0.8046  0.1222  0.0732    97962   98231 
   30   9961  0.4905  0.4465  0.0630  0.2506  0.5854  0.1640    9.849  0.7480  0.1945  0.0576   124914  127253 
   31   5568  0.1258  0.1014  0.7728  0.2284  0.6255  0.1461    8.857  0.8500  0.1224  0.0277    53471   52676 
   32   2476  0.3928  0.3847  0.2225  0.2212  0.6382  0.1406    6.135  0.8463  0.1270  0.0267    16412   16418 
   33  24086  0.0493  0.5958  0.3549  0.2736  0.5920  0.1345    8.249  0.7649  0.1907  0.0444   167490  170906 
   34  29385  0.2167  0.3763  0.4070  0.2356  0.6137  0.1507    7.859  0.7234  0.2513  0.0253   267001  261332 
   35  30179  0.2682  0.3296  0.4022  0.7381  0.2148  0.0471    6.883  0.8073  0.1323  0.0604   221650  223077 
   36  26952  0.0724  0.2290  0.6986  0.2376  0.6175  0.1448    8.354  0.7836  0.1852  0.0312   195877  192803 
   37  22343  0.3759  0.4186  0.2055  0.2552  0.5830  0.1617    6.611  0.7785  0.1498  0.0717   151437  152406 
   38  18774  0.4043  0.3070  0.2887  0.2187  0.6263  0.1551    9.517  0.7601  0.2043  0.0357   118366  120927 
   39  16935  0.3254  0.4845  0.1901  0.2516  0.5900  0.1584    6.368  0.7777  0.1851  0.0371    92730   89773 
   40  16326  0.3545  0.4482  0.1974  0.2799  0.5514  0.1687    8.927  0.8490  0.1505  0.0005    97407   96429 
   41  16640  0.3607  0.4701  0.1692  0.2382  0.6016  0.1601    9.945  0.8108  0.1544  0.0348   149812  146734 
   42  18257  0.4948  0.0805  0.4248  0.2308  0.6310  0.1382    9.379  0.7371  0.1857  0.0772    91788   92335 
   43  21067  0.1878  0.3004  0.5119  0.2637  0.5863  0.1501    8.909  0.7673  0.1686  0.0641    85475   85891 
   44  23027  0.4374  0.3774  0.1852  0.2638  0.5858  0.1504    8.024  0.6885  0.2714  0.0401   119570  115219 
   45  21341  0.3557  0.2866  0.3577  0.6397  0.2122  0.1481    7.358  0.7337  0.2029  0.0634    83321   85839 
   46  15727  0.1668  0.4989  0.3343  0.2762  0.5782  0.1456    6.030  0.8132  0.1736  0.0132    60902   63186 
   47   9023  0.2375  0.3673  0.3952  0.2397  0.6163  0.1440    8.804  0.8150  0.1610  0.0240    58987   60788 
   48   4082  0.4478  0.3207  0.2315  0.2857  0.5518  0.1625    7.061  0.7471  0.1730  0.0800    37921   38158 
   49  25323  0.5637  0.1940  0.2423  0.2424  0.6068  0.1508    7.395  0.8902  0.1021  0.0076    92391   96516 
   50  32991  0.0774  0.4705  0.4522  0.2914  0.5662  0.1424    7.076  0.7121  0.2213  0.0666   230685  224553 
   51  36369  0.3073  0.4065  0.2861  0.2387  0.6276  0.1337   12.409  0.6913  0.2974  0.0113   226249  218058 
   52  34816  0.0455  0.5082  0.4463  0.2595  0.5977  0.1428   14.071  0.6158  0.3572  0.0270   205637  209115 
   53  30574  ******  0.3693  0.5700  0.2527  0.5833  0.1640    8.380  0.6846  0.2404  0.0750   154867  152287 
   54  26547  0.5485  0.1667  0.2848  0.2474  0.5903  0.1623    8.294  0.6144  0.3477  0.0379   176331  175292 
   55  24088  0.4479  0.1490  0.4031  0.2504  0.6155  0.1340    8.013  0.7153  0.2767  0.0079   120671  124260 
   56  22991  0.5146  0.1942  0.2912  0.2530  0.5988  0.1482    9.646  0.8384  0.0878  0.0738   161462  159719 
   57  23003  0.3323  0.4165  0.2512  0.2454  0.5980  0.1565    6.455  0.8597  0.1356  0.0047    95327   93261 
   58  24687  0.4883  0.3461  0.1656  0.2690  0.5816  0.1494    7.473  0.7337  0.2552  0.0111   135594  141755 
   59  28154  0.0947  0.4644  0.4409  0.2720  0.5797  0.1483    7.774  0.8109  0.1752  0.0139   124661  127088 
   60  30994  0.3694  0.2711  0.3595  0.2275  0.6235  0.1490    9.081  0.8420  0.0934  0.0646   132506  137620 
   61  29335  0.4836  0.1983  0.3181  0.2284  0.6294  0.1422    7.665  0.6756  0.2658  0.0586   137507  134686 
   62  22213  0.4060  0.1827  0.4114  0.2046  0.6496  0.1459    7.838  0.7549  0.2091  0.0360   122310  118525 
   63  13098  0.2062  0.3599  0.4339  0.2386  0.6309  0.1305    7.729  0.7238  0.2506  0.0256    76060   75853 
   64   6059  0.6292  0.1960  0.1748  0.2598  0.5924  0.1478    7.673  0.8188  0.1690  0.0121    44215   46081 
   65  22759  0.1870  0.4530  0.3600  0.2183  0.6235  0.1583    9.437  0.6986  0.3010  0.0004   107588  106619 
   66  31430  0.5068  0.2993  0.1939  0.2752  0.5814  0.1434    8.005  0.7671  0.2181  0.0149    76345   71915 
   67  37228  0.0880  0.1760  0.7360  0.2616  0.5795  0.1589    8.265  0.7059  0.2501  0.0440   181743  182875 
   68  38537  0.3031  0.3781  0.3187  0.2402  0.6014  0.1585    9.614  0.6902  0.2366  0.0733   113822  112109 
   69  36462  0.0929  0.1858  0.7213  0.2369  0.6221  0.1409   10.740  0.5937  0.3379  0.0684   199540  189511 
   70  33488  0.1771  0.4918  0.3311  0.2640  0.5887  0.1473   12.231  0.6503  0.3439  0.0058   179984  178803 
   71  31249  0.3666  0.2979  0.3355  0.2541  0.5910  0.1549    7.953  0.7240  0.2365  0.0395   128583  128905 
   72  29925  0.0827  0.3478  0.5694  0.2647  0.5723  0.1629    6.806  0.7412  0.2124  0.0464    98107   94102 
   73  29499  0.4615  0.3901  0.1484  0.2656  0.6050  0.1295    8.434  0.5552  0.3753  0.0695   166333  165095 
   74  30801  0.1209  0.2687  0.6104  0.4660  0.6055  ******    8.772  0.6216  0.3398  0.0386   197305  198600 
   75  34315  0.0603  0.4250  0.5147  0.2461  0.6218  0.1322   11.573  0.5819  0.3567  0.0613   242613  237013 
   76  37643  0.4804  0.3393  0.1803  0.2468  0.5812  0.1719   14.335  0.6496  0.3337  0.0167   119592  118660 
   77  36158  0.4028  0.1239  0.4733  0.2203  0.6528  0.1269    8.012  0.5988  0.3724  0.0288   159665  156569 
   78  28063  0.3783  0.2805  0.3412  0.2458  0.6094  0.1448    6.410  0.6451  0.2923  0.0626   106059  108732 
   79  17016  0.4835  0.1013  0.4152  0.2274  0.6428  0.1298    6.706  0.5726  0.3570  0.0703   147484  144053 
   80   8078  0.2905  0.3792  0.3303  0.2536  0.5830  0.1634    9.203  0.7676  0.2081  0.0243    87051   87454 
   81  18480  0.4341  0.3172  0.2487  0.2434  0.6084  0.1482    8.762  0.7088  0.2843  0.0069    83827   82110 
   82  26589  0.1268  0.3883  0.4849  0.2651  0.5975  0.1374    6.896  0.7295  0.2205  0.0500   101294  100465 
   83  33640  0.2380  0.3337  0.4283  0.2336  0.6085  0.1579   11.445  0.6624  0.2991  0.0385   194493  200995 
   84  37740  0.1624  0.3858  0.4517  0.2469  0.5996  0.1535    8.593  0.6701  0.2954  0.0345   135169  136765 
   85  38794  0.4298  0.2086  0.3616  0.2332  0.6081  0.1586    8.669  0.7801  0.1727  0.0471    65388   65895 
   86  38176  0.4174  0.3235  0.2591  0.2714  0.5675  0.1611    8.916  0.7211  0.2374  0.0415   108461  102812 
   87  37153  0.4334  0.1957  0.3709  0.2604  0.5975  0.1422    7.849  0.7889  0.2088  0.0023   128979  131371 
   88  36088  0.0991  0.5498  0.3512  0.2447  0.6035  0.1518    6.450  0.7068  0.2354  0.0578    72963   74755 
   89  35236  0.5608  0.2212  0.2180  0.2435  0.6022  0.1543    7.406  0.6024  0.3411  0.0565    67797   65977 
   90  35703  0.3374  0.3361  0.3265  0.2363  0.6207  0.1430   10.429  0.5800  0.3690  0.0510   100016   98615 
   91  38430  0.3633  0.2547  0.3820  0.2358  0.6128  0.1515    6.749  0.7630  0.2217  0.0153   181093  179343 
   92  41480  0.5246  0.1759  0.2995  0.2335  0.6145  0.1520    7.731  0.7156  0.2457  0.0387    90809   92693 
   93  40095  0.3423  0.2897  0.3681  0.2522  0.5911  0.1567    8.271  0.7173  0.2035  0.0792   113453  102779 
   94  31766  0.2741  0.4028  0.3231  0.2500  0.6344  0.1156    8.685  0.6856  0.2447  0.0698    68258   67432 
   95  19791  0.3331  0.3271  0.3398  0.2557  0.5969  0.1473    6.585  0.6772  0.2737  0.0491    77297   75338 
   96   9662  0.4653  0.1172  0.4175  0.2599  0.5953  0.1448    8.844  0.6620  0.3215  0.0166    80984   84900 
   97  14736  0.5105  0.1958  0.2937  0.2496  0.6136  0.1368    6.043  0.6252  0.3640  0.0108    49329   51796 
   98  21465  0.1321  0.2642  0.6037  0.2697  0.5746  0.1557    6.601  0.6274  0.3007  0.0719    61465   60598 
   99  28507  0.1455  0.2911  0.5634  0.2500  0.6096  0.1405    6.189  0.8091  0.1246  0.0663   107156  107338 
  100  34341  0.3920  0.3635  0.2445  0.2373  0.6317  0.1311    8.935  0.7878  0.2000  0.0123    72620   74659 
  101  38184  0.3038  0.1871  0.5091  0.2744  0.5857  0.1399   11.155  0.6726  0.2888  0.0386   203694  194952 
  102  40240  0.1601  0.4004  0.4395  0.2569  0.6102  0.1329   10.077  0.7953  0.1667  0.0380   119979  117664 
  103  40982  0.3273  0.4537  0.2190  0.2535  0.5985  0.1480    9.787  0.5923  0.3715  0.0362    69161   71557 
  104  40599  0.5644  0.1742  0.2614  0.2203  0.6256  0.1541    9.529  0.7629  0.2324  0.0047    90252   95316 
  105  39449  0.1505  0.3010  0.5484  0.2868  0.5483  0.1649   10.870  0.7103  0.2162  0.0735   162093  166372 
  106  38793  0.4314  0.2209  0.3477  0.2539  0.5897  0.1564    8.850  0.7358  0.2044  0.0598   110788  110504 
  107  39973  0.3722  0.1508  0.4770  0.2527  0.5930  0.1543    8.144  0.6153  0.3101  0.0746   103831  105955 
  108  41845  0.3710  0.4310  0.1980  0.2527  0.6022  0.1451   12.871  0.6090  0.3197  0.0713   207862  209140 
  109  40240  0.1250  0.5000  0.3750  0.2359  0.6400  0.1241    8.222  0.6301  0.2972  0.0727    76555   76041 
  110  32339  0.2203  0.3119  0.4678  0.2343  0.6266  0.1391   10.909  0.6963  0.2599  0.0438   210539  200217 
  111  20654  0.4018  0.3909  0.2074  0.2217  0.6207  0.1576    7.917  0.5894  0.3426  0.0679    97925  100146 
  112  10382  0.0961  0.6156  0.2883  0.2337  0.6149  0.1514    8.930  0.7374  0.2261  0.0364    57067   57549 
  113  12413  0.3128  0.2046  0.4826  0.2263  0.6397  0.1340    7.995  0.6646  0.6700  0.0654    48707   46413 
  114  17816  0.4251  0.1556  0.4193  0.2592  0.5853  0.1554    6.362  0.5942  0.3472  0.0586    91918   95672 
  115  24185  0.2141  0.3578  0.4281  0.2631  0.5695  0.1675    7.433  0.7202  0.2783  0.0016    69026   70927 
  116  30584  0.4535  0.2034  0.3432  0.2524  0.6029  0.1447    8.626  0.7425  0.2503  0.0073    41474   42661 
  117  36106  0.3419  0.3553  0.3028  0.2154  0.6420  0.1426   10.081  0.6090  0.3297  0.0613   219522  234131 
  118  40209  0.4123  0.2351  0.3526  0.2523  0.5714  0.1763   13.416  0.7184  0.2175  0.0642    55321   54542 
  119  42591  0.2852  0.3413  0.3735  0.2629  0.5924  0.1448   13.758  0.6439  0.2869  0.0692    76368   80123 
  120  43032  0.4351  0.3365  0.2283  0.2584  0.5820  0.1596   12.017  0.8520  0.1105  0.0376    65080   64764 
  121  41752  0.2443  0.2576  0.4981  0.2754  0.5584  0.1662    9.737  0.7718  0.2108  0.0174    67545   66360 
  122  39941  0.1597  0.4474  0.3929  0.2630  0.5772  0.1598   11.252  0.6938  0.2638  ******    42823   42657 
  123  39164  0.2320  0.2954  0.4726  0.2331  0.5986  0.1683   11.214  0.6782  0.2781  0.0437   124107  124845 
  124  39166  0.3197  0.2919  0.3884  0.2592  0.5870  0.1538   13.808  0.6554  0.2951  0.0495   114835  113045 
  125  36917  0.1372  0.4140  0.4488  0.2262  0.6158  0.1580    9.481  0.6365  0.3546  0.0090   210982  216645 
  126  29812  0.1148  0.5406  0.3445  0.2914  0.5724  0.1362    7.017  0.6788  0.2622  0.0591    59933   61743 
  127  19434  0.2048  0.4518  0.3434  0.2410  0.6367  0.1223    7.716  0.6402  0.3245  0.0353    79267   79222 
  128  10052  0.3748  0.2501  0.3751  0.2154  0.6498  0.1348    6.834  0.7597  0.2176  0.0228    89099   90520 
  129  11131  0.2578  0.2301  0.5121  0.2566  0.5754  0.1680    6.856  0.6752  0.2526  0.0722    65142   63188 
  130  15614  0.3427  0.4058  ******  0.6199  0.6097  0.1705    7.753  0.6475  0.2802  0.0723    55215   57086 
  131  21207  0.2149  0.4149  0.3702  0.2410  0.6071  0.1520    8.595  0.6005  0.3520  0.0475    64583   65884 
  132  27433  0.3587  0.2230  0.4183  0.2413  0.6084  0.1504    9.687  0.6410  0.3075  0.0515    81957   85183 
  133  33555  0.1750  0.4341  0.3909  0.2205  0.6248  0.1547   12.230  0.6378  0.3469  0.0153   115827  114030 
  134  38758  0.5013  0.1942  0.3045  0.2307  0.6227  0.1465    9.851  0.6175  0.3581  0.0243    83849   80025 
  135  42256  0.2196  0.4651  0.3153  0.2549  0.6088  0.1363    7.273  0.7506  0.2344  0.0150    37421   35960 
  136  43416  0.5081  0.1968  0.2951  0.2401  0.6048  0.1551   12.591  0.7581  0.2008  0.0411    88582   89324 
  137  42154  0.4530  0.2423  0.3047  0.2495  0.5942  0.1563    8.667  0.7437  0.2378  0.0185    57712   57404 
  138  39399  0.3011  0.3617  0.3371  0.2433  0.6132  0.1434    9.496  0.7443  0.1993  0.0564    62766   61561 
  139  36718  0.1525  0.3049  0.5426  0.2568  0.5954  0.1478   10.236  0.6128  0.3181  0.0692    88484   88882 
  140  34625  0.3429  0.2468  0.4103  0.2513  0.5991  0.1496   12.389  0.6330  0.3272  0.0398   118620  117359 
  141  31427  0.1780  0.4710  0.3509  0.2587  0.6201  0.1212    8.222  0.5783  0.3490  0.0728    89923   94020 
  142  25160  0.2062  0.3234  0.4705  0.2660  0.5716  0.1624    7.235  0.6936  0.2534  0.0530    41988   43428 
  143  16618  0.2965  0.3966  0.3069  0.2591  0.5828  0.1581    9.757  0.7073  0.2461  0.0467    64749   65194 
  144   8825  0.1237  0.3547  0.5216  0.2715  0.5811  0.1475    6.563  0.6988  0.2757  0.0255    53267   51130 
  145  10170  0.2144  0.4895  0.3851  0.2508  0.5956  0.1536    6.046  0.6155  0.3733  0.0112    29586   28043 
  146  14034  0.3368  0.3314  0.3317  0.2431  0.6044  0.1525    6.388  0.6912  0.2973  0.0115    16778   16679 
  147  18935  0.2735  0.3730  0.3535  0.2688  0.5586  0.1726    6.494  0.6648  0.3118  0.0234    53523   51296 
  148  24660  0.3300  0.3383  0.3317  0.2694  0.5922  0.1383    6.411  0.5753  0.3575  0.0671    59640   57072 
  149  30690  0.4087  0.2365  0.3548  0.2254  0.6212  0.1534    8.410  0.6721  0.2568  0.0711    64341   68559 
  150  36231  0.2238  0.3305  0.4458  0.2821  0.5543  0.1636   10.635  0.6204  0.3543  0.0254    77879   78466 
  151  40303  0.1667  0.3333  0.5000  0.2620  0.5867  0.1512    9.722  0.6035  0.3723  0.0242   118460  123131 
  152  41983  0.4402  0.2239  0.3359  0.2350  0.6090  0.1560   12.361  0.5927  0.3449  0.0625   186620  190730 
  153  40864  0.3334  0.3759  0.2908  0.2700  0.5754  0.1546    9.023  0.6296  0.3463  0.0241    59002   55183 
  154  37527  0.2322  0.4017  0.3660  0.2362  0.6187  0.1452    8.456  0.6276  0.3618  0.0106    89839   83707 
  155  33389  0.1321  0.5276  0.3403  0.2702  0.5790  0.1509    7.659  0.6471  0.3527  0.0002    89789   87619 
  156  29485  0.1201  0.5195  0.3604  0.2834  0.5694  0.1472    9.093  0.7279  0.2716  0.0005    54975   53887 
  157  25322  0.1477  0.2583  0.5939  0.2295  0.6444  0.1261    6.411  0.7650  0.1973  0.0376    18993   18715 
  158  19757  0.3658  0.2412  0.3930  0.2310  0.6157  0.1533    6.973  0.6572  0.2827  0.0601    48460   51325 
  159  13076  0.1667  0.3333  0.5000  0.2543  0.6102  0.1355    7.402  0.7287  0.2046  0.0667    34802   36364 
  160   7094  0.3907  0.2974  0.3120  0.2217  0.6269  0.1513    7.315  0.6118  0.3236  0.0646    32142   32591 
  161   9088  0.2677  0.3712  0.3611  0.3017  0.5422  0.1561    7.259  0.7615  0.1934  0.0451    38415   38584 
  162  12432  0.4615  0.2154  0.3231  0.2122  0.6378  0.1500    7.503  0.6645  0.2567  0.0788    49431   50216 
  163  16679  0.1263  0.3886  0.4851  0.2638  0.5787  0.1575    8.411  0.6248  0.3653  0.0098    64960   67901 
  164  21755  0.3795  0.3207  0.2998  0.2696  0.5783  0.1521    8.356  0.7040  0.2460  0.0500    55431   58529 
  165  27325  0.3693  0.2523  0.3784  0.2147  0.6483  0.1370    7.904  0.6871  0.2865  0.0264    75836   75401 
  166  32717  0.3935  0.2357  0.3708  0.2364  0.6181  0.1455    8.747  0.5880  0.3444  0.0676    42300   43174 
  167  36945  0.4073  0.2371  0.3556  0.2293  0.6307  0.1401    9.240  0.7308  0.2620  0.0072    99117   97460 
  168  38942  0.4148  0.2957  0.2895  0.2501  0.6024  0.1475   14.124  0.6180  0.3513  0.0308    49410   49824 
  169  38052  0.2025  0.4322  0.3653  0.2750  0.5655  0.1595    8.909  0.7522  0.1945  0.0533    72276   67972 
  170  34539  0.4156  0.2036  0.3808  0.2509  0.6097  0.1395   10.938  0.7175  0.2461  0.0364    43176   44242 
  171  29606  0.3538  0.2702  0.3760  0.2080  0.6613  0.1306    9.498  0.7517  0.2374  0.0109    35329   37980 
  172  24546  0.1513  0.3025  0.5462  0.2351  0.6223  0.1426    8.980  0.7346  0.2007  0.0647    47739   49214 
  173  19724  0.1862  0.3355  0.4783  0.2508  0.5889  0.1603    9.527  0.6321  0.3026  0.0653    31778   30772 
  174  14735  0.2152  0.4365  0.3482  0.2187  0.6404  0.1409    9.684  0.7228  0.2267  0.0506    29281   31157 
  175   9633  0.4452  0.2219  0.3329  0.2366  0.6074  0.1560    6.764  0.7105  0.2870  0.0025    35723   35943 
  176   5296  0.1107  0.4738  0.4155  0.2434  0.6091  0.1475    7.496  0.6300  0.2995  0.0705    42872   42158 
  177    779  0.1667  0.3333  0.5000  0.2091  0.6487  0.1422    6.304  0.7594  0.2304  0.0102    42585   42469 
  178   1061  0.2982  0.2605  0.4413  0.2453  0.6006  0.1541    9.026  0.7167  0.2474  0.0359   101114   97676 
  179   1418  0.2995  0.2979  0.4026  0.2367  0.6036  0.1597    6.816  0.5941  0.3556  0.0503    24094   24990 
  180   1851  0.3606  0.3199  0.3195  0.2365  0.6058  0.1577    8.105  0.6773  0.2980  0.0247    27208   26747 
  181   2340  0.3812  0.2251  0.3937  0.2409  0.6161  0.1430    9.121  0.7149  0.2546  0.0304    12888   13013 
  182   2831  0.4109  0.2356  0.3535  0.2381  0.6063  0.1556    6.671  0.7119  0.2157  0.0724    44684   44866 
  183   3236  0.3610  0.2556  0.3834  0.2107  0.6344  0.1549    7.570  0.7896  0.2064  0.0040    17974   18023 
  184   3445  0.1556  0.3776  0.4668  0.2628  0.5720  0.1651    9.312  0.6950  0.2878  0.0172    60185   57326 
  185   3381  0.1695  0.4098  0.4207  0.2697  0.5771  0.1532    8.424  0.6149  0.3730  0.0120    53610   61925 
  186   3048  0.2562  0.2998  0.4440  0.2750  0.5755  0.1496    6.392  0.7072  0.2583  0.0345    29399   28872 
  187   2545  0.1727  0.3309  0.4964  0.2426  0.5902  0.1672    8.213  0.7258  0.2537  0.0206    33438   32889 
  188   2004  0.2326  0.3026  0.4648  0.2659  0.5724  0.1617    6.226  0.5928  0.3693  0.0379    20882   20908 
  189   1507  0.3110  0.2323  0.4567  0.2423  0.6095  0.1483    8.567  0.6104  0.3332  0.0564    44846   44151 
  190   1066  0.1732  0.3548  0.4720  0.2583  0.5845  0.1572    8.801  0.6289  0.3471  0.0241    14026   14079 
  191    678  0.2801  0.5104  0.3095  0.2340  0.6066  0.1593    7.098  0.7922  0.1992  0.0087    51477   54065 
  192    374  0.1667  0.3333  0.5000  0.2577  0.6043  0.1379    9.329  0.6385  0.2986  0.0628    66070   70619 
  193    639  0.3361  0.2620  0.4020  0.2553  0.6206  0.1241    6.878  0.6739  0.2879  0.0382    24536   23967 
  194    867  0.1667  0.3333  0.5000  0.2560  0.5888  0.1552    6.670  0.7090  0.2463  0.0447    39442   39378 
  195   1156  0.3184  0.2727  0.4090  0.2470  0.6073  0.1456    6.353  0.5743  0.3579  0.0678    52365   53762 
  196   1508  0.2540  0.2984  0.4476  0.2635  0.5970  0.1395    6.815  0.7292  0.2449  0.0259    14741   14059 
  197   1913  0.3324  0.2998  0.3678  0.2267  0.6365  0.1367    6.656  0.6940  0.2837  0.0222    42649   38852 
  198   2331  0.3518  0.3081  0.3401  0.2508  0.6194  0.1298    8.710  0.6853  0.2994  0.0153    60685   65388 
  199   2686  0.2912  0.2835  0.4253  0.2557  0.5760  0.1683    9.804  0.7097  0.2108  0.0795    16801   16418 
  200   2880  0.1528  0.4278  0.4194  0.2590  0.5826  0.1585    6.821  0.6268  0.2962  0.0771     6265    6496 
  201   2837  0.1456  0.4176  0.4368  0.2378  0.6020  0.1602    6.618  0.6446  0.2841  0.0713    21732   22005 
  202   2549  0.2949  0.3592  0.3458  0.2518  0.5883  0.1600    6.126  0.6828  0.2562  0.0609    14631   16543 
  203   2093  0.1788  0.3285  0.4927  0.2306  0.6198  0.1496    9.563  0.7845  0.1952  0.0203    15386   15284 
  204   1590  0.1522  0.3913  0.4565  0.2459  0.6103  0.1439    6.187  0.6141  0.3575  0.0285    69143   70240 
  205   1134  0.1430  0.4280  0.4290  0.2426  0.6151  0.1423    7.024  0.6028  0.3592  0.0380    21342   21159 
  206    759  0.1887  0.3642  0.4471  0.2697  0.5859  0.1444    6.356  0.6832  0.2585  0.0583    41546   43831 
  207    467  0.1762  0.3582  0.4656  0.2446  0.6113  0.1441    7.388  0.6033  0.3432  0.0535    51566   50739 
  208    257  0.1535  0.3868  0.4597  0.2638  0.6007  0.1355    7.445  0.6124  0.3266  0.0610    22170   22200 
  209    501  0.2730  0.2908  0.4362  0.2679  0.5997  0.1324    2.414  0.0069  0.1764  0.8167    16384   17028 
  210    679  0.1900  0.3240  0.4860  0.2459  0.5914  0.1627    3.541  0.0283  0.2564  0.7153    26369   25553 
  211    902  0.2679  0.2929  0.4393  0.2672  0.5775  0.1553    3.789  0.0783  0.3492  0.5726    22681   22536 
  212   1173  0.1667  0.3333  0.5000  0.2825  0.5735  0.1440    2.143  0.0939  0.4596  0.4465    11211   11736 
  213   1487  0.1667  0.3333  0.5000  0.2459  0.5872  0.1670    3.230  0.0461  0.3535  0.6005    29589   31190 
  214   1815  0.2196  0.3122  0.4682  0.2233  0.6004  0.1763    3.820  0.0813  0.2057  0.7129    31857   33062 
  215   2098  0.3112  0.3112  0.3777  0.2371  0.6158  0.1471    3.717  0.0078  0.1384  0.8538    24620   24468 
  216   2257  0.3975  0.2414  0.3611  0.2648  0.5919  0.1433    3.056  0.0226  0.2969  0.6806    51466   47377 
  217   2228  0.2171  0.3132  0.4697  0.2382  0.6284  0.1334    3.449  0.0111  0.2347  0.7543    48345   46200 
  218   1998  0.2738  0.2713  0.4549  0.2568  0.6060  0.1373    2.990  0.0991  0.1500  0.7509    26458   26618 
  219   1627  0.1564  0.3743  0.4693  0.2295  0.6334  0.1371    2.334  0.0085  0.1178  0.8736    10362    9571 
  220   1211  0.2687  0.3878  0.3435  0.2352  0.6008  0.1641    2.255  0.0893  0.2028  0.7078    10345   10224 
  221    834  0.2575  0.2999  0.4426  0.2760  0.5759  0.1481    2.614  0.0098  0.1170  0.8733    10232    9429 
  222    537  0.3064  0.2774  0.4161  0.2629  0.5703  0.1667    3.713  0.0972  0.2534  0.6494    11468   12259 
  223    321  0.3292  0.2683  0.4025  0.2732  0.5865  0.1403    3.630  0.0368  0.0769  0.8864     8574    8410 
  224    176  0.1667  0.3333  0.5000  0.2692  0.5827  0.1481    2.620  0.0786  0.2473  0.6741     7774    7458 
  225    377  0.3568  0.2573  0.3859  0.2739  0.5696  0.1566    3.752  0.0697  0.3142  0.6161    20172   19462 
  226    511  0.2575  0.2970  0.4455  0.2676  0.5918  0.1406    2.717  0.0817  0.3764  0.5419    26568   24412 
  227    676  0.3238  0.2705  0.4057  0.2608  0.5888  0.1503    3.484  0.0545  0.2603  0.6852    24541   25317 
  228    874  0.1667  0.3333  0.5000  0.2770  0.5654  0.1576    2.107  0.0998  0.3291  0.5710    13424   13969 
  229   1101  0.1667  0.3333  ******  0.2587  0.5769  0.1650    3.571  0.0391  0.4698  0.4911    36758   37284 
  230   1338  0.2962  0.2790  0.4248  0.2649  0.5880  0.1471    3.599  0.0384  0.3261  0.6355    26466   24469 
  231   1542  0.2578  0.2969  0.4453  0.2505  0.6711  0.1484    2.410  0.0863  0.3085  0.6052    12441   12495 
  232   1656  0.2816  0.3084  0.4100  0.2589  0.6049  0.1362    2.894  0.0570  0.3959  0.5471    18355   17445 
  233   1632  0.2543  0.3133  0.4323  0.2481  0.6224  0.1295    3.500  0.0931  0.0728  0.8340    28642   28343 
  234   1464  ******  0.2975  0.4070  0.2564  0.5908  0.1528    2.604  0.0260  0.2752  0.6988    49863   51037 
  235   1189  0.1833  0.3267  0.4900  0.2630  0.5773  0.1597    2.867  0.0155  0.2639  0.7206    15071   14168 
  236    880  0.1667  0.3333  0.5000  0.2587  0.5809  0.1604    2.657  0.0403  0.2102  0.7495     7237    6858 
  237    599  0.3604  0.2912  0.3484  0.2654  0.5982  0.1364    3.213  0.0509  0.1698  0.7794     7178    7896 
  238    380  0.1646  0.3742  0.4612  0.2295  0.6206  0.1499    3.968  0.0785  0.3586  0.5629    11946   11691 
  239    225  0.3743  0.2503  0.3754  0.2244  0.6468  0.1288    2.704  0.0179  0.2743  0.7078     7837    8135 
  240    125  0.3090  0.2799  0.4192  0.2697  0.5653  0.1650    2.278  0.0737  0.2303  0.6960     6567    6449 
  241    273  0.2797  0.2881  0.4322  0.2414  0.6263  0.1323    2.676  0.0677  0.2322  0.7001    13249   13372 
  242    371  0.1667  0.3333  0.5000  0.2572  0.6024  0.1405    3.687  0.0046  0.4811  0.5143    12549   11719 
  243    489  0.1667  0.3333  0.5000  0.2524  0.5969  0.1507    2.474  0.0825  0.1569  0.7605     6214    6306 
  244    627  0.3350  0.2660  0.3990  0.2918  0.5876  0.1206    2.264  0.0477  0.4068  0.5456    14412   15253 
  245    783  0.2017  0.3193  0.4790  0.2538  0.6089  0.1373    2.936  0.0660  0.2797  0.6543    16087   15441 
  246    941  0.3103  0.2759  ******  0.2427  0.6072  0.1501    2.310  0.0544  0.3949  0.5506     6657    7024 
  247   1074  0.3326  0.2776  0.3899  0.2654  0.5796  0.1550    2.295  0.0422  0.1688  0.7890    21630   21407 
  248   1146  0.3533  0.2587  0.3880  0.2252  0.6154  0.1594    3.990  0.0710  0.2817  0.6473    13206   14295 
  249   1128  0.1581  0.3675  0.4744  0.2613  0.5845  0.1542    3.074  0.0800  0.3599  0.5601    16167   15505 
  250   1012  0.2855  0.2858  0.4287  0.2367  0.6125  0.1509    3.209  0.0549  0.3681  0.5770     7067    6847 
  251    827  0.2971  0.2812  0.4218  0.2724  0.5953  0.1323    3.257  0.0170  0.4595  0.5235    20098   20853 
  252    616  0.1667  0.3333  0.5000  0.2521  0.5837  0.1641    3.279  0.0945  0.3760  0.5295     5522    5266 
  253    424  0.3211  0.2846  0.3943  0.2284  0.6160  0.1556    3.700  0.0414  0.2175  0.7411    40971   40382 
  254    272  0.3359  0.2656  0.3985  0.2661  0.5822  0.1517    3.959  0.0989  0.2246  0.6765    22003   20981 
  255    165  0.2032  0.3187  0.4781  0.2694  0.5802  0.1504    2.951  0.0150  0.1500  0.8350    14323   14136 
  256     95  0.1667  0.3333  0.5000  0.2049  0.6204  0.1747    2.706  0.0187  0.4007  0.5806    23162   22251 
